nodes=[ 
0.00000000e+00 0.00000000e+00  ; 
5.00000000e+00 0.00000000e+00  ; 
1.47060007e-01 0.00000000e+00  ; 
2.94120014e-01 0.00000000e+00  ; 
4.41179991e-01 0.00000000e+00  ; 
5.88240027e-01 0.00000000e+00  ; 
7.35289991e-01 0.00000000e+00  ; 
8.82350028e-01 0.00000000e+00  ; 
1.02939999e+00 0.00000000e+00  ; 
1.17649996e+00 0.00000000e+00  ; 
1.32350004e+00 0.00000000e+00  ; 
1.47060001e+00 0.00000000e+00  ; 
1.61759996e+00 0.00000000e+00  ; 
1.76470006e+00 0.00000000e+00  ; 
1.91180003e+00 0.00000000e+00  ; 
2.05879998e+00 0.00000000e+00  ; 
2.20589995e+00 0.00000000e+00  ; 
2.35290003e+00 0.00000000e+00  ; 
2.50000000e+00 0.00000000e+00  ; 
2.64709997e+00 0.00000000e+00  ; 
2.79410005e+00 0.00000000e+00  ; 
2.94120002e+00 0.00000000e+00  ; 
3.08820009e+00 0.00000000e+00  ; 
3.23530006e+00 0.00000000e+00  ; 
3.38240004e+00 0.00000000e+00  ; 
3.52940011e+00 0.00000000e+00  ; 
3.67650008e+00 0.00000000e+00  ; 
3.82349992e+00 0.00000000e+00  ; 
3.97059989e+00 0.00000000e+00  ; 
4.11759996e+00 0.00000000e+00  ; 
4.26469994e+00 0.00000000e+00  ; 
4.41179991e+00 0.00000000e+00  ; 
4.55880022e+00 0.00000000e+00  ; 
4.70590019e+00 0.00000000e+00  ; 
4.85290003e+00 0.00000000e+00  ; 
5.00000000e+00 2.00000000e+00  ; 
5.00000000e+00 1.42859995e-01  ; 
5.00000000e+00 2.85710007e-01  ; 
5.00000000e+00 4.28570002e-01  ; 
5.00000000e+00 5.71430027e-01  ; 
5.00000000e+00 7.14290023e-01  ; 
5.00000000e+00 8.57140005e-01  ; 
5.00000000e+00 1.00000000e+00  ; 
5.00000000e+00 1.14289999e+00  ; 
5.00000000e+00 1.28569996e+00  ; 
5.00000000e+00 1.42859995e+00  ; 
5.00000000e+00 1.57140005e+00  ; 
5.00000000e+00 1.71430004e+00  ; 
5.00000000e+00 1.85710001e+00  ; 
0.00000000e+00 2.00000000e+00  ; 
4.85290003e+00 2.00000000e+00  ; 
4.70590019e+00 2.00000000e+00  ; 
4.55880022e+00 2.00000000e+00  ; 
4.41179991e+00 2.00000000e+00  ; 
4.26469994e+00 2.00000000e+00  ; 
4.11759996e+00 2.00000000e+00  ; 
3.97059989e+00 2.00000000e+00  ; 
3.82349992e+00 2.00000000e+00  ; 
3.67650008e+00 2.00000000e+00  ; 
3.52940011e+00 2.00000000e+00  ; 
3.38240004e+00 2.00000000e+00  ; 
3.23530006e+00 2.00000000e+00  ; 
3.08820009e+00 2.00000000e+00  ; 
2.94120002e+00 2.00000000e+00  ; 
2.79410005e+00 2.00000000e+00  ; 
2.64709997e+00 2.00000000e+00  ; 
2.50000000e+00 2.00000000e+00  ; 
2.35290003e+00 2.00000000e+00  ; 
2.20589995e+00 2.00000000e+00  ; 
2.05879998e+00 2.00000000e+00  ; 
1.91180003e+00 2.00000000e+00  ; 
1.76470006e+00 2.00000000e+00  ; 
1.61759996e+00 2.00000000e+00  ; 
1.47060001e+00 2.00000000e+00  ; 
1.32350004e+00 2.00000000e+00  ; 
1.17649996e+00 2.00000000e+00  ; 
1.02939999e+00 2.00000000e+00  ; 
8.82350028e-01 2.00000000e+00  ; 
7.35289991e-01 2.00000000e+00  ; 
5.88240027e-01 2.00000000e+00  ; 
4.41179991e-01 2.00000000e+00  ; 
2.94120014e-01 2.00000000e+00  ; 
1.47060007e-01 2.00000000e+00  ; 
0.00000000e+00 1.85710001e+00  ; 
0.00000000e+00 1.71430004e+00  ; 
0.00000000e+00 1.57140005e+00  ; 
0.00000000e+00 1.42859995e+00  ; 
0.00000000e+00 1.28569996e+00  ; 
0.00000000e+00 1.14289999e+00  ; 
0.00000000e+00 1.00000000e+00  ; 
0.00000000e+00 8.57140005e-01  ; 
0.00000000e+00 7.14290023e-01  ; 
0.00000000e+00 5.71430027e-01  ; 
0.00000000e+00 4.28570002e-01  ; 
0.00000000e+00 2.85710007e-01  ; 
0.00000000e+00 1.42859995e-01  ; 
1.00000000e+00 1.50000000e+00  ; 
5.00000000e-01 1.00000000e+00  ; 
8.70589972e-01 1.48300004e+00  ; 
7.50000000e-01 1.43299997e+00  ; 
6.46449983e-01 1.35360003e+00  ; 
5.66990018e-01 1.25000000e+00  ; 
5.17040014e-01 1.12940001e+00  ; 
1.50000000e+00 1.00000000e+00  ; 
1.48300004e+00 1.12940001e+00  ; 
1.43299997e+00 1.25000000e+00  ; 
1.35360003e+00 1.35360003e+00  ; 
1.25000000e+00 1.43299997e+00  ; 
1.12940001e+00 1.48300004e+00  ; 
1.00000000e+00 5.00000000e-01  ; 
1.12940001e+00 5.17040014e-01  ; 
1.25000000e+00 5.66990018e-01  ; 
1.35360003e+00 6.46449983e-01  ; 
1.43299997e+00 7.50000000e-01  ; 
1.48300004e+00 8.70589972e-01  ; 
5.17040014e-01 8.70589972e-01  ; 
5.66990018e-01 7.50000000e-01  ; 
6.46449983e-01 6.46449983e-01  ; 
7.50000000e-01 5.66990018e-01  ; 
8.70589972e-01 5.17040014e-01  ; 
2.04940009e+00 9.37020004e-01  ; 
2.03099990e+00 7.22270012e-01  ; 
2.04080009e+00 1.16229999e+00  ; 
1.87660003e+00 9.63900030e-01  ; 
1.87360001e+00 7.54740000e-01  ; 
2.18330002e+00 6.86230004e-01  ; 
2.42540002e+00 5.72229981e-01  ; 
2.55150008e+00 5.52380025e-01  ; 
2.68020010e+00 5.43569982e-01  ; 
2.81349993e+00 5.46490014e-01  ; 
2.95009995e+00 5.53619981e-01  ; 
3.08879995e+00 5.62049985e-01  ; 
3.23230004e+00 5.70599973e-01  ; 
3.37800002e+00 5.76269984e-01  ; 
3.52659988e+00 5.79890013e-01  ; 
3.67779994e+00 5.80630004e-01  ; 
3.82929993e+00 5.80860019e-01  ; 
3.97880006e+00 5.77470005e-01  ; 
4.12909985e+00 5.73390007e-01  ; 
4.27850008e+00 5.72719991e-01  ; 
4.42379999e+00 5.69090009e-01  ; 
4.42920017e+00 7.13590026e-01  ; 
4.43069983e+00 8.56899977e-01  ; 
4.43340015e+00 9.99300003e-01  ; 
4.43279982e+00 1.14110005e+00  ; 
4.42759991e+00 1.28359997e+00  ; 
4.42740011e+00 1.42830002e+00  ; 
4.27829981e+00 1.42579997e+00  ; 
4.12720013e+00 1.42079997e+00  ; 
3.97770000e+00 1.41799998e+00  ; 
3.82649994e+00 1.41770005e+00  ; 
3.67630005e+00 1.41869998e+00  ; 
3.52710009e+00 1.42040002e+00  ; 
3.37859988e+00 1.42219996e+00  ; 
3.23079991e+00 1.42359996e+00  ; 
3.08340001e+00 1.42470002e+00  ; 
2.93569994e+00 1.42560005e+00  ; 
2.79089999e+00 1.42540002e+00  ; 
2.64779997e+00 1.41499996e+00  ; 
2.50399995e+00 1.40079999e+00  ; 
2.35750008e+00 1.37570000e+00  ; 
2.20939994e+00 1.34949994e+00  ; 
2.05100012e+00 1.35769999e+00  ; 
1.89470005e+00 1.39010000e+00  ; 
1.84790003e+00 1.20200002e+00  ; 
1.73010004e+00 7.79720008e-01  ; 
1.84809995e+00 5.58799982e-01  ; 
1.99790001e+00 5.27059972e-01  ; 
2.14499998e+00 4.95229989e-01  ; 
2.27230000e+00 4.57419991e-01  ; 
2.39879990e+00 4.26019996e-01  ; 
2.52909994e+00 4.12090003e-01  ; 
2.66409993e+00 4.09000009e-01  ; 
2.80279994e+00 4.10970002e-01  ; 
2.94440007e+00 4.14380014e-01  ; 
3.08899999e+00 4.22850013e-01  ; 
3.23519993e+00 4.27320004e-01  ; 
3.38240004e+00 4.29930001e-01  ; 
3.52999997e+00 4.31430012e-01  ; 
3.67779994e+00 4.32190001e-01  ; 
3.82570004e+00 4.32799995e-01  ; 
3.97499990e+00 4.29679990e-01  ; 
4.12419987e+00 4.26539987e-01  ; 
4.27250004e+00 4.29259986e-01  ; 
4.42040014e+00 4.29910004e-01  ; 
4.56769991e+00 4.31239992e-01  ; 
4.57030010e+00 5.73409975e-01  ; 
4.57259989e+00 7.16120005e-01  ; 
4.57560015e+00 8.58290017e-01  ; 
4.57730007e+00 1.00030005e+00  ; 
4.58010006e+00 1.14349997e+00  ; 
4.57530022e+00 1.28649998e+00  ; 
4.57170010e+00 1.42920005e+00  ; 
4.56879997e+00 1.57179999e+00  ; 
4.42000008e+00 1.57149994e+00  ; 
4.27120018e+00 1.57070005e+00  ; 
4.12179995e+00 1.56710005e+00  ; 
3.97270012e+00 1.56599998e+00  ; 
3.82389998e+00 1.56620002e+00  ; 
3.67560005e+00 1.56710005e+00  ; 
3.52780008e+00 1.56809998e+00  ; 
3.38019991e+00 1.56889999e+00  ; 
3.23300004e+00 1.56949997e+00  ; 
3.08579993e+00 1.56990004e+00  ; 
2.93880010e+00 1.57019997e+00  ; 
2.79200006e+00 1.57040000e+00  ; 
2.64389992e+00 1.56990004e+00  ; 
2.49959993e+00 1.56359994e+00  ; 
2.35299993e+00 1.54560006e+00  ; 
2.20810008e+00 1.53320003e+00  ; 
2.05419993e+00 1.53460002e+00  ; 
1.90869999e+00 1.55159998e+00  ; 
1.77160001e+00 1.58630002e+00  ; 
1.71379995e+00 1.35920000e+00  ; 
4.11080003e-01 3.96849990e-01  ; 
1.69949996e+00 1.14579999e+00  ; 
1.61810005e+00 1.30170000e+00  ; 
4.21810001e-01 1.49860001e+00  ; 
1.72930002e+00 9.65830028e-01  ; 
1.69949996e+00 5.92920005e-01  ; 
4.21550006e-01 2.67490000e-01  ; 
1.65219998e+00 3.96780014e-01  ; 
1.81250000e+00 3.66439998e-01  ; 
1.96130002e+00 3.39969993e-01  ; 
2.10349989e+00 3.18300009e-01  ; 
2.23799992e+00 2.95120001e-01  ; 
2.37709999e+00 2.83529997e-01  ; 
2.51329994e+00 2.74470001e-01  ; 
2.65610003e+00 2.75079995e-01  ; 
2.80019999e+00 2.76540011e-01  ; 
2.94540000e+00 2.78019994e-01  ; 
3.09139991e+00 2.79249996e-01  ; 
3.23790002e+00 2.80189991e-01  ; 
3.38490009e+00 2.80900002e-01  ; 
3.53200006e+00 2.81459987e-01  ; 
