nodes=[ 
3.00000000e+00 2.00000000e+00 ; 
2.00000000e+00 3.00000000e+00 ; 
8.00000000e+00 0.00000000e+00 ; 
8.00000000e+00 4.00000000e+00 ; 
2.00000000e+00 1.00000000e+00 ; 
4.00000000e+00 0.00000000e+00 ; 
8.00000000e+00 8.00000000e+00 ; 
4.00000000e+00 8.00000000e+00 ; 
4.00000000e+00 4.00000000e+00 ; 
0.00000000e+00 4.00000000e+00 ; 
-2.00000000e+00 2.00000000e+00 ; 
0.00000000e+00 0.00000000e+00 ; 
5.00000000e+00 6.00000000e+00 ; 
6.00000000e+00 5.00000000e+00 ; 
7.00000000e+00 6.00000000e+00 ; 
6.00000000e+00 1.00000000e+01 ; 
1.00000000e+00 2.00000000e+00 ; 
1.75000000e+00 2.96819997e+00 ; 
1.75000000e+00 1.03180003e+00 ; 
6.00000000e+00 7.00000000e+00 ; 
6.96820021e+00 6.25000000e+00 ; 
5.03179979e+00 6.25000000e+00 ; 
2.98399997e+00 2.17820001e+00 ; 
2.94029999e+00 2.34039998e+00 ; 
2.87500000e+00 2.48410010e+00 ; 
2.79380012e+00 2.60809994e+00 ; 
2.69589996e+00 2.71810007e+00 ; 
2.58299994e+00 2.81250000e+00 ; 
2.45659995e+00 2.88969994e+00 ; 
2.30629992e+00 2.95190001e+00 ; 
2.15739989e+00 2.98749995e+00 ; 
8.00000000e+00 4.16779995e-01 ; 
8.00000000e+00 8.33549976e-01 ; 
8.00000000e+00 1.27460003e+00 ; 
8.00000000e+00 1.83659995e+00 ; 
8.00000000e+00 2.28099990e+00 ; 
8.00000000e+00 2.72539997e+00 ; 
8.00000000e+00 3.16639996e+00 ; 
8.00000000e+00 3.58319998e+00 ; 
2.15779996e+00 1.01250005e+00 ; 
2.31159997e+00 1.04980004e+00 ; 
2.48070002e+00 1.12310004e+00 ; 
2.63030005e+00 1.22360003e+00 ; 
2.75040007e+00 1.33910000e+00 ; 
2.84299994e+00 1.46210003e+00 ; 
2.91090012e+00 1.58729994e+00 ; 
2.96009994e+00 1.72019994e+00 ; 
2.99000001e+00 1.85870004e+00 ; 
7.58319998e+00 0.00000000e+00 ; 
7.16639996e+00 0.00000000e+00 ; 
6.72539997e+00 0.00000000e+00 ; 
6.16340017e+00 0.00000000e+00 ; 
5.71899986e+00 0.00000000e+00 ; 
5.27460003e+00 0.00000000e+00 ; 
4.83360004e+00 0.00000000e+00 ; 
4.41680002e+00 0.00000000e+00 ; 
8.00000000e+00 4.41680002e+00 ; 
8.00000000e+00 4.83360004e+00 ; 
8.00000000e+00 5.27460003e+00 ; 
8.00000000e+00 5.83659983e+00 ; 
8.00000000e+00 6.28100014e+00 ; 
8.00000000e+00 6.72539997e+00 ; 
8.00000000e+00 7.16639996e+00 ; 
8.00000000e+00 7.58319998e+00 ; 
4.00000000e+00 7.58319998e+00 ; 
4.00000000e+00 7.16639996e+00 ; 
4.00000000e+00 6.72539997e+00 ; 
4.00000000e+00 6.16340017e+00 ; 
4.00000000e+00 5.71899986e+00 ; 
4.00000000e+00 5.27460003e+00 ; 
4.00000000e+00 4.83360004e+00 ; 
4.00000000e+00 4.41680002e+00 ; 
-2.77759999e-01 3.98060012e+00 ; 
-5.50149977e-01 3.92280006e+00 ; 
-8.93729985e-01 3.78920007e+00 ; 
-1.20690000e+00 3.59480000e+00 ; 
-1.47909999e+00 3.34619999e+00 ; 
-1.70109999e+00 3.05180001e+00 ; 
-1.86520004e+00 2.72169995e+00 ; 
-1.96599996e+00 2.36710000e+00 ; 
-1.98060000e+00 1.72220004e+00 ; 
-1.92279994e+00 1.44990003e+00 ; 
-1.78919995e+00 1.10630000e+00 ; 
-1.59480000e+00 7.93060005e-01 ; 
-1.34619999e+00 5.20850003e-01 ; 
-1.05180001e+00 2.98900008e-01 ; 
-7.21700013e-01 1.34749994e-01 ; 
-3.67089987e-01 3.39769982e-02 ; 
5.01249981e+00 5.84219980e+00 ; 
5.04979992e+00 5.68839979e+00 ; 
5.12309980e+00 5.51929998e+00 ; 
5.22359991e+00 5.36969995e+00 ; 
5.33909988e+00 5.24959993e+00 ; 
5.46210003e+00 5.15700006e+00 ; 
5.58729982e+00 5.08909988e+00 ; 
5.72020006e+00 5.03989983e+00 ; 
5.85869980e+00 5.01000023e+00 ; 
6.17819977e+00 5.01599979e+00 ; 
6.34040022e+00 5.05970001e+00 ; 
6.48409986e+00 5.12500000e+00 ; 
6.60809994e+00 5.20620012e+00 ; 
6.71810007e+00 5.30410004e+00 ; 
6.81250000e+00 5.41699982e+00 ; 
6.88969994e+00 5.54339981e+00 ; 
6.95190001e+00 5.69369984e+00 ; 
6.98750019e+00 5.84259987e+00 ; 
7.98059988e+00 8.27779961e+00 ; 
7.92280006e+00 8.55010033e+00 ; 
7.78919983e+00 8.89369965e+00 ; 
7.59480000e+00 9.20689964e+00 ; 
7.34619999e+00 9.47910023e+00 ; 
7.05179977e+00 9.70110035e+00 ; 
6.72170019e+00 9.86520004e+00 ; 
6.36709976e+00 9.96599960e+00 ; 
4.01940012e+00 8.27779961e+00 ; 
4.07719994e+00 8.55010033e+00 ; 
4.21080017e+00 8.89369965e+00 ; 
4.40520000e+00 9.20689964e+00 ; 
4.65380001e+00 9.47910023e+00 ; 
4.94820023e+00 9.70110035e+00 ; 
5.27829981e+00 9.86520004e+00 ; 
5.63290024e+00 9.96599960e+00 ; 
1.02209997e+00 2.20900011e+00 ; 
1.07710004e+00 2.38499999e+00 ; 
1.16340005e+00 2.54780006e+00 ; 
1.27820003e+00 2.69210005e+00 ; 
1.41750002e+00 2.81279993e+00 ; 
1.57650006e+00 2.90590000e+00 ; 
1.02209997e+00 1.79100001e+00 ; 
1.07710004e+00 1.61500001e+00 ; 
1.16340005e+00 1.45220006e+00 ; 
1.27820003e+00 1.30789995e+00 ; 
1.41750002e+00 1.18719995e+00 ; 
1.57650006e+00 1.09410000e+00 ; 
6.20900011e+00 6.97790003e+00 ; 
6.38500023e+00 6.92290020e+00 ; 
6.54780006e+00 6.83659983e+00 ; 
6.69210005e+00 6.72179985e+00 ; 
6.81279993e+00 6.58249998e+00 ; 
6.90590000e+00 6.42350006e+00 ; 
5.79099989e+00 6.97790003e+00 ; 
5.61499977e+00 6.92290020e+00 ; 
5.45219994e+00 6.83659983e+00 ; 
5.30789995e+00 6.72179985e+00 ; 
5.18720007e+00 6.58249998e+00 ; 
5.09410000e+00 6.42350006e+00 ; 
3.58319998e+00 0.00000000e+00 ; 
3.16639996e+00 0.00000000e+00 ; 
2.72539997e+00 0.00000000e+00 ; 
2.16339993e+00 0.00000000e+00 ; 
1.71899998e+00 0.00000000e+00 ; 
1.27460003e+00 0.00000000e+00 ; 
8.33549976e-01 0.00000000e+00 ; 
4.16779995e-01 0.00000000e+00 ; 
3.58319998e+00 4.00000000e+00 ; 
3.16639996e+00 4.00000000e+00 ; 
2.72539997e+00 4.00000000e+00 ; 
2.16339993e+00 4.00000000e+00 ; 
1.71899998e+00 4.00000000e+00 ; 
1.27460003e+00 4.00000000e+00 ; 
8.33549976e-01 4.00000000e+00 ; 
4.16779995e-01 4.00000000e+00 ; 
3.10500002e+00 3.42639995e+00 ; 
5.44619989e+00 2.75959992e+00 ; 
5.21350002e+00 8.55860043e+00 ; 
-1.55279994e-01 3.15140009e+00 ; 
5.20660019e+00 8.17809963e+00 ; 
-7.11539984e-01 2.04460001e+00 ; 
5.68949986e+00 8.63189983e+00 ; 
-5.58619976e-01 1.70869994e+00 ; 
-1.02429998e+00 2.80130005e+00 ; 
6.97720003e+00 8.82530022e+00 ; 
6.00540018e+00 2.27489996e+00 ; 
6.05789995e+00 1.82430005e+00 ; 
5.38880014e+00 2.32349992e+00 ; 
5.59980011e+00 1.77440000e+00 ; 
5.98619986e+00 2.67359996e+00 ; 
5.17339993e+00 1.66869998e+00 ; 
7.06879997e+00 1.35450006e+00 ; 
6.62489986e+00 8.87329996e-01 ; 
6.19080019e+00 9.35970020e+00 ; 
6.31710005e+00 9.06750011e+00 ; 
5.00379992e+00 2.08809996e+00 ; 
7.05109978e+00 1.82040000e+00 ; 
7.02580023e+00 2.29649997e+00 ; 
7.03950024e+00 2.75780010e+00 ; 
7.08379984e+00 8.88289988e-01 ; 
6.16989994e+00 8.78250003e-01 ; 
5.70889997e+00 8.52540016e-01 ; 
5.30100012e+00 8.13899994e-01 ; 
6.12360001e+00 9.06130028e+00 ; 
7.12989998e+00 3.18330002e+00 ; 
5.10620022e+00 3.30010009e+00 ; 
5.57040024e+00 3.04909992e+00 ; 
4.88399982e+00 7.59220004e-01 ; 
-1.46360004e+00 1.99559999e+00 ; 
-1.20930004e+00 2.65389991e+00 ; 
-1.43770003e+00 2.22770000e+00 ; 
-1.10160005e+00 1.12940001e+00 ; 
6.65059996e+00 9.24009991e+00 ; 
6.42229986e+00 9.31110001e+00 ; 
5.00880003e+00 9.02079964e+00 ; 
5.21049976e+00 9.16969967e+00 ; 
5.68450022e+00 9.40419960e+00 ; 
5.69789982e+00 9.16520023e+00 ; 
6.73710012e+00 8.78020000e+00 ; 
5.25159979e+00 3.44079995e+00 ; 
4.92789984e+00 3.08859992e+00 ; 
4.81769991e+00 1.51429999e+00 ; 
4.35120010e+00 3.95140004e+00 ; 
4.66909981e+00 2.42440009e+00 ; 
-1.36510003e+00 1.53760004e+00 ; 
7.54139996e+00 8.78809988e-01 ; 
7.54059982e+00 1.32710004e+00 ; 
7.54519987e+00 1.79920006e+00 ; 
7.51749992e+00 2.27469993e+00 ; 
7.52799988e+00 2.71889997e+00 ; 
7.56449986e+00 3.15100002e+00 ; 
7.63269997e+00 4.03049994e+00 ; 
7.55569983e+00 4.37949985e-01 ; 
6.65479994e+00 4.37059999e-01 ; 
6.19189978e+00 4.30839986e-01 ; 
5.73990011e+00 4.24739987e-01 ; 
5.29909992e+00 4.02969986e-01 ; 
4.87449980e+00 3.79649997e-01 ; 
-4.87989992e-01 3.51180005e+00 ; 
-1.00469995e+00 3.26160002e+00 ; 
-1.23109996e+00 3.07170010e+00 ; 
-1.41919994e+00 2.84130001e+00 ; 
-1.57159996e+00 2.58249998e+00 ; 
-1.66380000e+00 2.29450011e+00 ; 
-1.70050001e+00 2.00929999e+00 ; 
-1.57500005e+00 1.50049996e+00 ; 
-1.45239997e+00 1.23650002e+00 ; 
-1.27880001e+00 1.00170004e+00 ; 
-1.05400002e+00 7.99820006e-01 ; 
-7.94539988e-01 6.40160024e-01 ; 
-5.04800022e-01 5.19829988e-01 ; 
-1.83239996e-01 4.36109990e-01 ; 
7.44869995e+00 8.35970020e+00 ; 
